.Random.seed <-
c(403L, 228L, -1644686238L, -1821714040L, -1586758973L, -1297619178L, 
-1970767699L, -2120663467L, 1032254281L, 1233814249L, -1925399093L, 
1666671437L, -1935967757L, -2135835352L, -466781786L, 521601179L, 
-11702967L, 1764939665L, 527700246L, 1759482806L, -836086870L, 
-352095202L, 814485487L, -341384963L, 327104340L, 407622732L, 
-1283531352L, -887998836L, 554427618L, 585440119L, 1929074351L, 
-1610406309L, 751828960L, 340215557L, -1747814445L, -1470441236L, 
710407820L, -2069441125L, 1394699405L, 963855263L, -39061770L, 
1231489279L, -1073064855L, 1346953693L, 219429334L, -1580993950L, 
36074011L, 2001289706L, 339712099L, -509328389L, -1486303051L, 
1226827026L, -531940348L, -1308167545L, -2037523898L, -530818651L, 
-438065454L, -802123791L, -949144147L, 759127912L, -1686413322L, 
-1522107997L, 1446015302L, 409127757L, 1003332910L, 190053717L, 
73192083L, -574517800L, 377395637L, 1859105313L, 791726973L, 
-1925903350L, 1855999838L, -1173653750L, 1714420079L, -1204574059L, 
-524537237L, -1400278122L, 22009101L, -243235479L, 1833462182L, 
-1805931146L, 903323634L, 1286790696L, -181122615L, -1799322506L, 
-659257872L, -1487155143L, 1796335271L, -2066271309L, -41456964L, 
-1539479339L, -1633604849L, -1280560091L, 1334470460L, -1731625196L, 
1418776562L, 763160220L, 2069398094L, 261725360L, 1774563027L, 
-2039222245L, 330200279L, 1615523273L, 523885278L, -116869267L, 
1686995619L, -407704875L, 442461694L, -1623165652L, -661076009L, 
-907442336L, -818260108L, 1504833915L, 973738280L, 477136495L, 
-543667198L, -362910803L, 827187435L, 821055204L, 1288156457L, 
1445354540L, -1251166787L, -958747685L, 1884095798L, 1143962802L, 
247229856L, -264493864L, -197914041L, 392888669L, 1199727255L, 
-730890014L, -1683756454L, -161822718L, 330782563L, 145559422L, 
-42171076L, 202339464L, -1187778612L, 1090701801L, -254322054L, 
682038854L, 67670634L, 1119459820L, 1369331996L, -1559263755L, 
1824256757L, 1782632146L, -1357198017L, -1802058200L, 1727458990L, 
827891167L, -250938175L, -1929678475L, -926674336L, -483992018L, 
-783903L, 539918983L, -1195813005L, -823741205L, -1602920928L, 
1216033960L, 1563787199L, 1840771346L, -1468267315L, -1706285877L, 
1192881432L, -488829112L, 85488121L, 1910871091L, 81477658L, 
1433208734L, 1142292176L, 531787874L, 1731582819L, -1655321042L, 
-337745245L, 293114000L, 942215100L, -665675527L, 2038488438L, 
578245523L, -1434559710L, -1708812425L, -598981645L, 75610273L, 
-879565994L, 1684251761L, -982284011L, -1384889680L, 1097153746L, 
-684226679L, 1996529654L, 61221053L, -1830556231L, 1929578740L, 
-1397653015L, -850800814L, 231593806L, -626529528L, -959000699L, 
-618381475L, 268022852L, -1856655506L, 943805515L, -269276980L, 
-335658360L, 1611914203L, -416534028L, 1126788048L, -764614266L, 
-1616593832L, 176149808L, -1466364608L, 618170640L, -1235406771L, 
-1392502641L, -1742138856L, 1170546751L, 723189186L, 576155591L, 
-548339689L, -2137741670L, -1125283174L, -1831138401L, 1565748777L, 
1160659941L, 836855657L, -1297215404L, 1826189219L, 1469597598L, 
68634755L, -282790109L, -190805373L, -533674986L, -147206262L, 
1166352765L, -282723404L, -919554577L, -425020877L, -234421774L, 
2033237262L, 1204999799L, 1772025119L, -1151996803L, -454849520L, 
1175829062L, 1961554463L, 1773375477L, 2100967007L, -2077774052L, 
-1240771367L, 855290230L, 662882908L, 586846550L, -527349517L, 
-1928338332L, 293006736L, -68181316L, 1243489202L, 525794661L, 
540890557L, -120723649L, -1933890390L, 340644203L, -865068136L, 
-1960851796L, 349321788L, -1320022314L, 1018917092L, -1615696748L, 
1835812938L, -246511935L, -1490568574L, -2072768974L, -22466874L, 
1520492392L, -309756206L, 1049238537L, 437681207L, -473873105L, 
260964210L, -1293011676L, 545744284L, -747001521L, -1552601752L, 
873892222L, -1170860084L, -563077251L, 120579777L, -281429244L, 
-1242800556L, -203487551L, -1779595597L, -1296804003L, -783727839L, 
-1187437758L, 511655732L, 1398129159L, 260908052L, -1510976374L, 
-1955992063L, 2110099240L, 516934864L, 910288686L, -1804923007L, 
-814464161L, -825030959L, 1199554136L, -1884457635L, -1688770653L, 
-1817306666L, -1982986440L, -460120461L, -1386257695L, -557159953L, 
1542082080L, 882759532L, 79014865L, -2009579354L, -1192240504L, 
-1940004239L, -248701603L, 1545626737L, -1013504170L, 1735042916L, 
-78158658L, -267019624L, -667324717L, -1435291084L, 21926555L, 
892748716L, 479840791L, 652442624L, 1103041151L, 190053182L, 
1022426556L, 1301406649L, 1134404445L, 1152164383L, 1644166933L, 
938538819L, -1971302085L, -353654903L, 1394682778L, 1803564713L, 
-492562368L, 653626726L, -540569690L, 839937007L, -1482433321L, 
1912985909L, -766743940L, 748386696L, 1913565192L, -784020255L, 
-1269289889L, -1312810932L, 814893802L, 1763880680L, 964114918L, 
687597179L, -612851572L, -1649765392L, 856260087L, 1996677643L, 
-635916523L, -1602731739L, -1873683668L, -1745502832L, -1451543917L, 
2235354L, 144601737L, 218179703L, -2018278505L, 2037076153L, 
-1153285376L, -430541650L, -373610920L, -598374925L, 507346198L, 
-1321663846L, 848126996L, 1176343572L, -1029313383L, 1694453129L, 
-1189300328L, 1691384716L, 669690299L, -637652284L, -1219216571L, 
1173370813L, 854565995L, -1832476986L, 611445614L, 977322268L, 
503382005L, 2038353651L, 2100480833L, 2082222948L, 999928561L, 
-1772988958L, 588700090L, -434327414L, 1033147259L, 370581649L, 
1630638866L, 1748406365L, 34800042L, 783007651L, 1416443688L, 
-888676706L, 2124096335L, 2085256647L, 65563608L, 1201250723L, 
-922953947L, -616580094L, -1906443926L, -898272579L, -157524638L, 
1023083095L, -350868215L, 2083560595L, 265971165L, -1807836154L, 
-1180566845L, -61581226L, 1263918693L, 1027285260L, 1070355906L, 
1431437838L, -1634119369L, 1502701891L, 453824274L, -860732670L, 
-2141595978L, 1763703842L, 95702315L, -1732678626L, 576941363L, 
1795745590L, 1032442930L, -2088252760L, 1871310909L, 39797050L, 
-1790006410L, 1597517165L, -744625897L, -222460751L, -1868620704L, 
-1128803314L, -973697441L, 1046732003L, -1136024962L, 2053923804L, 
-906001246L, 889652680L, 1441004833L, -924343658L, 214140288L, 
-2096062991L, -1643597536L, -2098110988L, 74102184L, 1319886836L, 
450120586L, -380391507L, 651940554L, -1135387997L, -1784414699L, 
-227786049L, 1737670148L, -444024342L, 961700394L, 1936516402L, 
1599102866L, -1741105626L, 1050592820L, -1136370958L, -311459104L, 
-80357402L, 2000632494L, -1333651016L, 808041037L, 27883422L, 
1749721453L, -1904378868L, -29235182L, 1879977169L, -13152514L, 
-1962874691L, 919534262L, -1636811352L, -1385708468L, -1900253491L, 
1155483716L, 1690815202L, -1400797991L, 2035594483L, 1441001865L, 
1837823268L, -1303510637L, 526219247L, -2071988844L, 260339304L, 
1623503718L, -505898786L, -898105661L, 1257074276L, -1305072271L, 
1933587728L, 1958961917L, -1189498500L, 1311302639L, -651876529L, 
2079164141L, 1305614903L, -172541349L, 1613530447L, -1954485457L, 
-962927963L, 1997383475L, 638519728L, -1126301865L, 988680922L, 
-235894505L, -414152483L, -709964092L, 571214725L, 722890087L, 
-249648105L, -1627640710L, 1090713056L, -476477072L, 178201053L, 
1502088515L, 1730767222L, 395565330L, 1038283172L, -1913482773L, 
-1853391777L, -1312074114L, 1216287372L, -114513936L, 1931678479L, 
-1867595797L, -1521485874L, -934645542L, 1796154541L, 347743130L, 
774819274L, 1030433546L, -1289964110L, -1673795244L, 662448334L, 
-979215805L, 1919677358L, 1436061058L, -1311391423L, -1946073979L, 
535482669L, -291204856L, 895598253L, -474492258L, 1654613269L, 
-1198755756L, -857097020L, -1137103486L, 819677080L, 833977730L, 
-746650099L, -164102712L, -497305066L, 1780112897L, -644441415L, 
-1320337371L, 674598681L, -961250210L, -2084939854L, -1884362395L, 
1315644164L, -1143610311L, 1915509409L, 900768497L, -973279482L, 
1551485693L, -977885550L, 775850028L, -1722874188L, -557259294L, 
-213523894L, 748931088L, 1613900579L, 1628718729L, 1062581321L, 
